KEY=053b6f6b4d035c2db233264e649139ec
PANAMALAT=8.9293901
PANAMALNG=-79.2234208
INDIALAT=25.2702081
INDIALNG=91.7147788
ESPANALAT=42.3441047
ESPANALNG=-3.7647329